820785617990165
820914851324080
821029321279205
821252271329465
821259604655205
822528331158350
822539127859985
822636601183095
822716821182825
822820154461250
822854991125300
823208367776380
823231427760485
823393354423490
823419997780690
823453347769950
823563894421370
823588357722450
823599111082060
823608304404825
823852304363200
823860677689335
823991924357540
824043840975975
824305570973075
824341934349025
824461714343965
824650854315370
824855577625995
824933047627030
824935944254000
824959557621220
824988204266365
824988657619570
825042034252105
825185880900710
825201647529160
825324587505035
825376010913175
825394514209220
825439080843680
825440607493265
825446564199585
825559597512415
825599954191195
825642620859155
825697847537525
825700884175950
825915494166520
825938720828075
826038210844815
826052290807365
826060034152710
826226190785035
826284024075110
826374387454160
826479437429485
826786027392320
826827407402830
827003190702310
827085637384330
827177007362120
827187650733235
827187880696125
827218230689945
827285670718985
827564284029160
827618797333605
827618887337220
827621830657735
827717627310660
827757723996950
827967617320455
828010130614630
828039867280070
828201930604035
828257643920320
828274193922630
828385983865455
828422107232540
828452997273855
828461777250265
828562080607520
828595217220765
828607373921170
828617423902085
828647573891475
828811830573230
828905527227135
829254093787210
829258150526930
829559703805690
829565170413755
829583247155970
829629783829400
829651207110490
829718370435560
829814247132920
829899980411290
830021220420490
830028907066380
830065120450170
830074397086525
830127620431190
830252713731030
830352193720795
830384807030445
830441187093200
830449713677505
830460427076800
830632203739625
830812270366430
830912030279745
831013567033180
831228406971850
831234423636160
831356300319420
831362640316490
831543103599225
831636093553825
831727273576700
831813856909455
831838266852885
831846166909740
831874720234015
831962906884720
832005173560045
832159560183535
832203643591515
832310356887040
832340583487185
832368786851850
832534763468615
832595036823035
832628100140315
832634513495720
832733640154785
832868023496120
832942500156930
832951413440020
832979240070610
833049160064130
833166933469020
833180613439685
833259010095115
833270413417300
833318393408890
833443086744295
833463940069265
833597243403565
833614213353775
833645186726500
833709743400160
833721166663775
833786936695525
833818589990105
833986150013155
833990556722375
833995306718220
834011873350630
834127559986930
834248386689015
834280749981915
834283406652295
834296510023565
834321366665545
834528573339620
834534149924745
834550013307005
834725016653060
834782156597355
834785013333225
834833513238175
834878103265935
834950603259760
835001349912295
835003793283115
835296993216775
835402076559050
835437079871670
835509996503400
835546539910190
835556423186915
835637626549585
835669273152405
835680223183295
835695413211760
835824593175840
835835349835585
835982656545160
836042196482740
836074483106530
836107903170255
836199729834650
836257696491100
836301979738485
836410699815455
836462776431455
836491603125655
836547619761870
836731203086680
836884389738920
837029609737930
837061586343440
837193796353255
837214919695360
837265412987570
837387513008155
837426513010245
837431409708710
837505656371970
837587712976840
837617586345295
837628216357830
837689496347760
837754196345125
838019662972570
838176782923235
838195282973485
838204122964500
838249699573880
838391199543950
838418752910175
838608862911080
838791876156300
838929796160245
839004132876360
839084136182610
839213589459335
839248086143675
839408222765175
839657629421115
839722906119250
839846472750350
839860662763975
839865116050360
839883096130125
840224782750430
840330886015560
840372039439440
840411592716175
840482635989145
840512256013865
840517922709865
840527902691445
840553122670840
841028125970730
841064125989030
841070495959945
841120072672955
841202049306740
841790702572720
841951582526380
842005035834575
842094782535445
842157065876440
842193512487375
842308345836800
842652282490110
842712785801690
842944825780780
843053109141320
843073952413010
843258102395190
843330415721090
843557399093605
843569199046130
843776945738880
843788249028370
843832195694450
843906168992495
843941032362375
844024405676090
844184035696075
844199775662160
844199849025935
844211502367200
844545328928205
844599962333860
844680145633785
844726568980290
844943828875340
845040468918300
845119182300955
845140902207465
845226888905640
845233198942230
845321568899850
845454165569395
845484082156005
845714275544180
845737865519800
845863115509675
846127338813750
846129522150865
846350555451005
846368585435635
846416395424045
846430162117305
846544412080355
846566102046360
846645028738320
846844512065735
846890862032480
847069282105540
847276588725020
847357092011005
847391285374330
847417582006430
847508485369980
847570361978950
847677388615315
847696368640885
847808465273300
847815298672130
847831118646115
847847451961985
848083458650585
848109005261750
848122241962265
848206685259690
848271091915060
848413798569650
848641558555735
848678435205440
848682635246390
848801255197555
849034885209980
849121778452300
849160728493415
849279981823225
849327051806965
849415751813620
849479875088740
849551618494390
849795395117515
849807995129180
849860575128785
849973781760590
849977365055340
850014511718460
850033115077855
850065058403645
850101785073830
850202581753410
850264705057890
850595025030330
850696545012180
850720345000275
850993291675275
851000858302845
851012298280690
851055131671055
851101634976855
851205778320300
851272234962720
851382874924405
851450151640650
851631681540405
851745591545410
852018244875530
852068718200315
852118611535120
852127338207180
852136598181480
852185491527870
852328961517805
852433891535810
852452168201090
852478248176805
852578121487080
852652754830855
852690094827030
852706811473450
852957961490950
852964801394555
853072368101305
853118098105445
853235951434345
853289461451005
853295184767075
853332144751850
853404478084600
853517508013305
853730671339180
853753788073140
853821894712875
853836024712725
853895411341365
853909641389940
853938181349395
854019421313565
854068601308970
854076441313750
854211727987195
854547764602850
854705594599280
854737464605460
854747891285380
854832051272505
854849521214560
854858991234680
854919597928430
855031837866805
855169731228390
855203721211810
855251587894020
855341011229140
855384024540260
855465467880710
855506377831045
855518771186110
855647311137705
855959214481885
855976331151075
855978577866895
855980844509620
856035984471160
856089597820465
856221421122330
856244687785485
856259581094000
856335847772825
856347514406375
856370927771950
856611471082750
856718631079565
856780504440635
856798491056780
856955361046390
856960571063375
856961521019315
857175441095930
857264364389585
857271954346630
857376374316545
857586574362425
857608764316840
857689277644220
857835484307625
857923170940540
857947744325520
858004947570015
858019357624070
858059210932995
858062590948370
858076167562525
858119114301880
858129207596645
858154560900640
858214267565475
858265977586230
858282584208515
858296110916360
858396057562370
858400707580810
858503017561580
858640817552095
859023920852370
859063970855085
859279814150860
859383470794160
859434104136370
859440320837995
859501114122130
859524614119995
859533484160365
859672054097980
859729250777945
859748280774540
859767320836570
859778367441380
859814550776395
859880937413285
859974887395950
860003444120555
860030250734615
860059297397995
860067504113345
860097787409785
860113950751450
860171104096900
860199574027660
860307134045265
860323920712380
860355677376040
860480113991260
860525677389725
860677504018050
860749467330975
860871017306030
860977013956915
860985340606140
860993503986165
861114703996485
861126920620835
861146880633410
861264243960605
861309337270990
861437727281340
861445257286905
861549647248400
861643113927280
861726977247450
861832577230805
861881120527980
861908493879495
861928140564035
861942227162620
862017907208520
862229553832670
862289330477035
862294617163620
862432117170085
862476353823765
862562507170455
862621953830545
862661800449905
862769347104780
862797787132360
862863893810595
863152343802595
863208623812420
863243757099940
863320170411450
863373760412605
863417527088600
863469157061000
863480240397695
863516513721755
863654543750930
863658650390315
863786747044655
863803237028335
863908313697735
864321270292870
864413030324650
864423743623795
864449986943710
864524663612145
864652713614210
864780840250185
864928063584685
864976823586320
865019306926685
865029886918900
865070310236965
865182693539785
865186626898445
865232086926025
865259376904525
865327166895325
865381306886830
865420000219375
865502930203470
865625540158995
865764693454200
865843203501695
866060443458670
866084913470610
866214610105610
866224600099780
866271160081440
866304300116270
866476200141990
866507773440580
866526760063900
866585210105615
866627770042900
866670080093505
866747996750970
866835250051440
866904573402745
866943480066545
866955276707365
867005420022955
867181510031835
867181843358590
867196116707660
867496070002455
867548706662590
867599323251720
867734239984835
867759213299380
868117263245375
868118596628410
868143766566300
868213683214795
868350903252300
868468649876195
868516946525765
868534053260210
868547386559635
868572193221975
868586646520785
868643213221850
868698633244490
868743626508705
868781209853520
868875189801025
868886026517470
868908479869315
868961046520995
869037926466495
869046879848290
869050223178185
869188559796475
869311866521150
869313096506855
869409213152380
869438103135400
869492223169705
869511303121675
869525476459520
869526143143285
869533556442805
869705806423640
869884656403445
870137049733815
870169446425780
870228589739070
870241709741670
870413379680385
870430686365035
870498366391535
870734693015075
870746416324160
870876322965975
870885893020800
870972149629485
870981312977500
871156856324535
871234136325085
871259572923080
871259666276605
871429616250555
871551496232600
871648309578110
871784632854190
871811616225170
871841612891905
871842679558795
871846162901540
871911696208610
872295506192025
872522486147730
872580589482860
872591779462080
872724526198280
872868369426355
872877772808840
872953412724595
873014126100290
873034832812530
873086039449885
873130092748475
873179632765175
873245206076175
873248766070030
873263989414445
873323122735025
873394222755680
873489699411880
873538236001930
873628512729715
873645192722310
873862486039115
873879872680930
874089969294030
874283255916050
874317735985810
874441132573645
874443892609895
874784685920060
874826699252900
874852512552130
875073089248400
875243895893970
875329292551740
875337729198930
875356242551555
875402392529490
875547045848340
875561492523150
875582579188145
875735259173070
875966135782590
875967499146395
876037752446440
876148699119290
876222419127705
876231482419885
876264639075595
876266532422800
876375032433525
876414292408405
876535662429075
876648519076140
876776125733355
876853315736705
876870955701775
877148522367085
877431975638240
877511835630965
877544779046875
877576202330570
877615668975355
877679298942160
877901235598415
878098225586320
878119288902925
878255842254390
878347518899775
878484298896395
878488322261860
878529998896225
878551102238915
878566245524640
878589248882550
878633475544025
878634605551330
878791398841865
878797442199740
879020528811970
879059102161495
879225795485690
879289732131745
879375012155385
879400935489485
879512482124510
879600015457480
879622975438990
879706782122885
879724055429285
879871588735955
879880095424780
880014715428695
880087138681000
880115538701900
880361978765605
880397765364535
880499888708280
880833885303230
880850602008395
880866625311555
880893275317750
880954031986290
880972648658525
881031281991185
881095541975770
881099448593500
881162328621625
881165491975220
881372091953715
881411011949920
881420315276215
881559068551835
881563998546980
881571325269795
881673765252685
881752321899250
881798951876380
881863208569935
881876148535535
881888538531165
881910448563620
881985881880450
881996625244880
882011481882650
882019318531150
882085565232300
882150221851300
882222951814040
882253481828310
882310351839790
882403391852255
882485911830510
882632675151985
882664878514750
882862385154705
882886405108030
882961428461385
883041748455465
883066815111190
883192761719090
883224618409800
883264808373865
883278271753310
883314051758965
883320905054580
883351591724660
883369801756760
883386325060510
883475671711370
883546411683900
883894455028790
883915995009335
883930355027075
883956711647350
884033628337675
884220311687420
884306974956585
884379771622230
884387238287330
884392221645945
884454181636225
884454538278680
884534378301650
884547264950975
884591031596890
884645504914625
884757898277880
884826788233945
884843814915135
884877814920315
884881931586530
884894138267130
885128201567775
885216498180790
885317994881310
885323891538945
885530714846895
885685551509235
885787051476700
885790171518115
885926811493315
885952378160710
886008501479810
886076991486450
886112271473840
886167098104780
886199528122295
886265374796045
886278144788495
886378544734540
886402058102600
886566934754480
886635978039185
886752441440130
886759794739650
886928971422615
887030264749595
887032084692630
887057794681150
887141444662075
887147244693630
887157398005270
887216864670415
887248484655845
887358794686370
887441264721210
887466421323370
887549141362785
887694471277545
887739791298320
887920044597285
887972397984320
888044694584620
888214231267915
888341627906235
888381414507410
888514884564485
888521027853685
888709884576250
888793521233570
888961521183450
889015364489390
889083864510065
889216471144685
889287064469405
889681501160250
889704781100480
889739514439340
890065671052480
890066531055045
890210531061660
90050028653666
90060024270436
90070022602411
90110030599381
90120022466371
90170024576066
90200023491386
90200024562001
90200028897816
90230022539941
90240026872141
90250028736121
90270021576986
90320028920821
90360022049506
90360025422186
90370029556901
90380022317571
90380024225411
90410024437061
90410028310336
90420021661401
90430027474401
90430032050241
90470021166791
90470023908571
91020028482736
91030056426846
91060023258906
91090033207521
91100021679666
91110025865681
91140029753391
91170022555441
91270021894416
91290022873426
91300024752816
91330025863771
91350024276676
91360021500801
91370026334136
91380026340396
91390022870476
91400020310831
91400024506901
91400025952456
91420024023871
91480018562261
91480025901856
92020029516526
92030024756001
92030025698071
92030036044786
92090036824186
92090038830656
92100023465696
92130021552641
92130025566556
92150021045911
92190033795986
92230035131851
92230037034861
92260023668646
92260030609036
92270021634661
92320032953076
92320033455956
92320033946811
92330027384821
92380028737621
92400024063216
92410030704851
92420031388431
92460018287111
92470027116771
92480054349381
92490022157531
100000704111121
100002292853871
100002799248511
100008772558296
100622420289736
100775313588711
100974393595721
101047316899571
101173173690371
101191750356291
101322440217211
101335153674756
101344353558561
101462230201306
101530036987371
101577550314131
101696853638221
101730463633216
101759803631856
101915503477261
102052130129371
102109780262086
102247750249146
102284056909421
102332380241936
102398940235711
102414703564706
102422316892101
102428846898876
102433543561786
102502500222396
102642330210501
102675523536631
102683970204261
102763140063181
102805233519656
102835973388826
102836303523056
102846986853501
102915280181041
103004973396036
103092876829841
103096110162566
103116686822481
103194120155156
103236633344856
103327833467376
103330770141276
103352320137436
103369870135771
103427896798061
103453193460921
103480743460221
103612723446041
103634373440446
103709333312786
103852123296051
103909756612236
103922286748441
103945133294296
104032853401476
104042850067621
104130686628916
104154326722696
104157663384756
104183643386181
104185920054366
104196406713671
104213969977541
104217996717346
104235506709476
104254103380421
104324480038636
104334469912606
104340453253761
104363450034666
104376553369421
104385006581361
104389270034891
104417583309666
104469826693341
104540246684251
104574010016316
104725693254536
104763316553456
104780109993136
104793616622456
104796706524236
104886073311086
104909003204386
104918129974866
104955633304486
105000373300166
105061299965941
105175713288781
105201579923696
105348243170536
105362453268396
105366336581086
105471166471941
105518733116461
105658566482056
105749586564046
105781006559651
105862656550986
105898266548356
105906953208041
105911209763981
106068306407256
106122226525866
106203106395131
106215376514141
106327933171516
106362616500691
106401106498461
106440399822466
106458856366581
106480936490691
106493076488581
106535886478941
106693169674576
106697559718346
106801243015746
106829106334221
106873282996101
106938022985436
106968806431196
106989003105471
107009103098131
107016496436436
107037193095826
107050533098446
107105926426296
107112359758991
107132329621696
107163929637996
107199499612811
107224156416016
107259933050896
107424912933306
107674256370666
107720096365251
107775969557476
107869526232656
108120596189761
108180792981346
108181929513136
108346829636236
108383692958391
108383902965066
108454562844921
108464362937381
108477846167861
108509989491476
108510329619496
108654536270081
108661399599821
108692436268271
108732452810066
108735069588531
108769382927266
108792716258136
108849626252296
108863179584931
108981452899906
109076159433166
109085969429761
109138296223851
109190859551391
109427472739336
109518192738901
109528776184351
109660619382891
109808176155966
109988722804701
109992972804391
110003059349831
110031009462381
110034782681761
110136442785061
110191922654161
110270635992826
110308909438436
110358352639476
110384596095511
110511769286821
110563022609351
110584929411631
110618856074056
110627055955576
110678126063876
110682475946991
110793759279316
111062295918096
111113189359166
111132096023846
111139686023181
111172256019256
111190559350286
111286902586291
111310086000431
111337269336386
111342682664031
111459635990926
111476092654606
111497672653706
111591622508756
111626039187761
111660539183126
111690062629356
111718032502336
111785045827236
111788255836616
111818155949386
111829545837141
111837295952911
111895775818121
111989669142186
112052595926071
112074132483416
112135735786751
112218825913981
112224562456951
112262475772071
112312009120726
112447489104176
112577509091081
112622092419701
112657145818431
112854519069891
112883002393621
112921202432171
112925352510896
113009785755916
113023992367431
113116362491291
113131959034376
113150965707071
113172075690916
113227935807831
113263152416431
113407562339836
113491025649726
113527929120011
113546812333406
113549239113191
113549242323776
113568385651186
113586732444066
113598755645161
113603895638061
113620485773846
113650569099636
113786318962906
113817215756606
113823775638146
113831025747911
113877588999601
113880385629961
113927018945561
113949342287726
113968655630451
114006832276761
114095998948876
114173652384881
114179972299316
114312508924066
114381175698151
114389265691886
114391672247491
114439715562216
114465108897911
114567072230686
114606568880231
114608812342631
114612142307196
114639272215701
114715228921171
114732708876326
114751652196806
114909942310861
114955472301486
114983742189696
115112528876841
115187298838831
115217848825041
115226178941661
115249552154171
115308332176421
115339648934026
115341388813951
115354745486251
115387998805381
115416858806686
115545508779926
115585078793796
115639605445276
115703462095816
115723225431906
115756068789946
115840148884861
115859018882126
115949478747061
116179895402931
116209345397021
116316085386211
116373802042986
116443098823851
116462092155811
116467692031791
116505495362721
116526312148836
116543088809051
116563532048376
116756895337521
116825531992951
116961535434476
116962361997691
116964635322416
117010955297526
117016468680976
117083801972121
117125088755086
117150475287086
117170791968756
117217718629156
117244928744151
117281348740511
117406025265191
117445945390676
117465995270111
117510831931701
117520518649366
117596045375466
117637095256821
117646775369651
117688808694676
117709808692671
117757761997046
117773132019826
117797248557666
117807615355451
117977152003976
117980905332316
118008821995511
118023285328081
118023968541871
118056495192741
118137041851851
118192941981431
118218768645536
118285145181846
118333178512641
118360171966686
118404981960266
118430381836866
118490031948076
118496148500516
118546261824406
118608601817126
118665911934066
118695071931751
118815168508676
118841931917916
118894151907241
118962085116201
118968681776916
119035105118781
119046938441111
119124265108866
119127208438706
119179495090096
119208721760661
119354705193676
119379665072901
119390445071046
119425305076146
119429941857886
119459725066646
119530585181511
119541535175266
119581418510311
119625431837786
119744701827866
120052308463101
120170431706216
120179968445346
120256768326136
120276585105921
120289998438051
120327228330776
120344278312086
120398331639336
120429428425096
120448764957626
120508214978326
120523901624676
120538208292851
120550838292901
120631698268856
120666751602411
120684794980281
120705054933956
120744968392256
120754968278351
120807014939266
120840431716441
120849215049786
120878888378811
120890874914201
120923138257901
120946064915861
121007961639641
121165788346156
121204084930231
121228071678006
121343268215491
121372954869466
121424884883311
121563474860621
121624088183966
121626571505576
121698161499736
121704714851056
121743188169621
121748111626446
121853244815011
121854014817621
121981808263981
121985178151711
122024131599496
122062868261686
122063251594331
122077718142796
122174354792766
122180051451211
122194991464751
122224178121796
122291701567361
122309231487761
122326094901341
122409958105621
122473328219386
122481748122086
122505598216701
122521734752031
122595434756376
122655851404736
122670581439186
122690818068426
122694888082316
122703814858681
122704964863676
122714794788571
122740891521536
122748561403106
122795441408246
122943998047091
123037361375631
123061754730181
123081128024631
123140944696846
123167504816186
123222398021596
123235434809341
123271494673656
123291034804811
123293234684351
123322518011901
123324561360651
123354078013071
123356131464671
123421401334266
123438654789916
123441344676561
123447061325886
123467748043876
123485641353941
123503294666981
123508581334671
123509008117336
123520448009021
123609597990416
123774791299306
123898984646671
123900927971611
124017057955446
124048437948941
124191897935136
124210414614941
124354854578786
124561267895911
124587138009156
124691887896226
124744101193391
124758584538201
124767114534031
124795441203866
125069141294426
125070011166646
125084721172846
125118244573561
125148094500381
125152737880161
125277087938081
125278627939966
125339161265291
125384897794271
125475661246136
125601117774296
125612381111511
125625904571306
125689767783986
125701057763036
125774197780401
125790941090376
125955757748901
125959571073891
126029031079311
126030157731236
126138424437916
126186417723171
126240484504771
126268911168876
126354387710981
126360664446021
126363937714046
126420821041646
126429251023831
126512434359211
126535054347986
126575377808086
126680524464051
126709244462066
126767704343026
126785344335276
126794687787326
126828534321511
126853837782106
127018870966541
127094147756246
127108690976561
127125337624656
127333160932491
127374694394551
127430590942161
127439414390341
127580024255986
10204348331130016
10204357823171756
10204358817124891
10204358914908121
10204359865190901
10204375814302986
10204379176025801
10204381860661216
10204389810245486
10204395314342936
10204399905454166
10204407806816801
10204409112256101
10204411528199306
10204416478525721
10204417952396791
10204419043663206
10204420782552921
10204449524908671
10204450878141701
10204453263065311
10204455708866681
10204460512898921
10204463306769396
10204466552691996
10204470318253491
10204477077062031
10204477671136536
10204480193144661
10204490535967981
10204495165880996
10204497146563921
10204504129061346
10204511426280681
10204514676922641
10204515770076241
10204524622977596
10204529784110986
10204542786912511
10204543734303886
10204545911587046
10204548846028911
10204552773601736
10204553658625361
10204576052184101
10204586895891226
10204589814127856
10204591650896986
10204601646748956
10204609163482801
10204614517989041
10204619515828666
10204621137423631
10204633060848946
10204635694308296
10204635765275816
10204636172049271
10204636511423766
10204638878282986
10204638915627961
10204646558749506
10204657033328326
10204658845413276
10204667831832091
10204677778496146
10204696560748261
10204699403711246
10204705998118371
10204708126117471
10204712691831751
10204719017155181
10204724611008236
10204729530532506
10204733004113666
10204735989739871
10204738375877836
10204747689714516
10204754370365176
10204767145400911
10204774210369251
10204774598099806
10204777160381136
10204778623856516
10204781375759576
10204782861586496
10204786139350841
10204788295364976
10204790732192186
10204801133980156
10204801837826861
10204806664141216
10204813686261231
10204814111223651
10204820074527976
10204822023851056
10204825977438446
10204826244549061
10204837262239656
10204841997003596
10204842170793061
10204846413338296
10204849598593046
10204865168681711
10204877121880011
10204883773402006
10204892387820096
10204893600243406
10204904589559521
10204909909533236
10204910207853936
10204914670099656
10204914751218441
10204917513362001
10204919719329866
10204928134668696
10204939573664171
10204947865195631
10204948307935891
10204948717050251
10204960159577691
10204963894833926
10204970292361171
10204972685939526
10204973416364146
10204973614683321
10204977251206416
10204978135567951
10204984015263316
10204986031033576
10204990758479886
10204991207673166
10204993337179221
10204999357968311
10204999370603881
10205004565970576
10205006124820906
10205017488749441
10205021762606856
10205022308531416
10205026142680721
10205026376956066
10205027472869976
10205030733039821
10205031632745161
10205032901250431
10205038294612621
10205041351377791
10205044041320946
10205054229971531
10205054484154511
10205058784176636
10205059890124651
10205062312826621
10205069153103346
10205076155002286
10205080993384641
10205082240068496
10205082275713091
10205083432225826
10205088747160191
10205091761878986
10205093462350156
10205094589144281
10205098344933041
10205106660124431
10205110615180356
10205118287866166
10205119650297931
10205120285750711
10205124513456116
10205127465451491
10205138410722046
10205141735041926
10205148037236176
10205159181882801
10205163933557171
10205170246148686
10205185452539651
10205186415126161
10205194099997051
10205204570175051
10205208024664301
10205215015589061
10205218224363851
10205226927690566
10205229792169476
10205234885625246
10205238801675716
10205240503081176
10205261382716166
10205263711779356
10205264401382881
10205267634716536
10205269415635981
10205288019718461
10205294577664176
10205296960886686
10205298614609011
10205299374627846
10205299608833596
10205300444609046
10205305432989116
10205308918017316
10205315816917446
10205322254469496
10205327923597221
10205328249218641
10205336434438331
10205337778262041
10205345076779971
10205348502567941
10205360413949731
10205362501916276
10205370447326706
10205382696139466
10205392195463126
10205400419743901
10205408895480236
10205409296569461
10205413600683666
10205414842730361
10205419773726801
10205438773154666
10205441886918246
10205452663896276
10205465504769896
10205471967387301
10205488632849191
10205489873959986
10205496697763236
10205500113135091
10205500278809296
10205500973779511
10205506208830436
10205514728801151
10205518766906361
10205522606178961
10205526862084271
10205527338935626
10205533254245566
10205540087197511
10205541046637231
10205550750000216
10205552835649586
10205562252394371
10205570627479366
10205575147932136
10205584285943091
10205586278803306
10205604174200356
10205605280869056
10205605867522691
10205606399378286
10205606663878686
10205623889412451
10205625641871741
10205628712628621
10205629739736996
10205637517570501
10205642769210221
10205656903654626
10205676327019801
10205684020287371
10205685147945371
10205685768561071
10205690640978111
10205710702503086
10205722593857811
10205722766243806
10205730924445811
10205735497218721
10205736385181591
10205737702354796
10205737849875361
10205739666683151
10205746230395956
10205749789198086
10205760624244061
10205770048184521
10205776705923436
10205781292109026
10205783206397356
10205788598528521
10205793660459216
10205797971728651
10205816668957906
10205828064041921
10205828277498296
10205828423285491
10205831061802441
10205835005976996
10205850501135636
10205851506220771
10205867779473501
10205878933154271
10205879620961961
10205883771146516
10205885982487331
10205887009158226
10205888713949336
10205905435622676
10205907780807136
10205907781328001
10205919456379071
10205919680774916
10205930015784821
10205933449634986
10205938565756336
10205942026604651
10205948939075366
10205953767190601
10205954947586991
10205960284192676
10205960459564376
10205963362297666
10205971311754281
10205981683273721
10205982870551161
10205985232970111
10205986476915196
10205988689863206
10205993824501956
10206004283185111
10206021158981581
10206021851038646
10206022754346201
10206023422159011
10206030141303006
10206030585018576
10206030864514586
10206032558266066
10206036659380821
10206043644268216
10206048908400341
10206053663519486
10206058074708296
10206058644018191
10206061539519881
10206068524404811
10206072606724656
10206079085285801
10206083020663056
10206092313218676
10206100233482636
10206100811293421
10206107511948241
10206108394022401
10206110982926591
10206114216551841
10206114475474276
10206115377156471
10206121160940246
10206125953284226
10206134458653686
10206136916649321
10206157191583121
10206160634348591
10206176144310366
10206176650510221
10206176945917521
10206179264935091
10206186131884271
10206190958350176
10206192074270376
10206193988991301
10206195333740116
10206196473288656
10206204884415856
10206211986600726
10206219073332911
10206220882738436
10206221622197171
10206226799726441
10206230917786686
10206231588244811
10206231600303146
10206245687014266
10206247301080071
10206250281188971
10206251402035161
10206251993112961
10206252574168241
10206262478911196
10206262483032611
10206262888161371
10206270429457656
10206273495186626
10206274106546021
10206285504989871
10206291994317661
10206292885633951
10206294264542571
10206297395887706
10206302654060321
10206303153932101
10206308368302356
10206320792401836
10206346690125341
10206348485985456
10206352697802381
10206356064317521
10206358662027401
10206361028043466
10206362119104891
10206365925700771
10206367626262171
10206377688335041
10206381926972871
10206384201277866
10206387554061636
10206401253287546
10206402597516581
10206403651639611
10206406459017451
10206409795461581
10206410719843421
10206413824418816
10206418233964961
10206421450515596
10206423947431096
10206425464779476
10206428829665011
10206435652911536
10206441214457971
10206445967690276
10206446485223966
10206453363244166
10206455860769511
10206457944519756
10206460444895716
10206462078049151
10206466684446696
10206469456628661
10206474677720016
10206474715060171
10206475569707536
10206479574138141
10206481705910776
10206482358875191
10206485996803721
10206490053074631
10206494872305636
10206496101554416
10206496621366156
10206497504575246
10206502994602806
10206503303330666
10206503766409966
10206504294620341
10206511080526956
10206512538950911
10206528332875901
10206531387516366
10206538797482666
10206541970010246
10206544838569111
10206550626355786
10206559234490001
10206562330165236
10206562744254196
10206566454653751
10206566746598201
10206566918712586
10206569796459156
10206570197199751
10206574399031626
10206574891433741
10206579172831091
10206584435103931
10206585394497401
10206592903605086
10206593095979881
10206596118078666
10206597230868416
10206599143489591
10206611282544951
10206612454139771
10206614054451121
10206615552700936
10206616544163951
10206617640868181
10206618680098531
10206619453311891
10206624872773236
10206625458347731
10206625838514106
10206627330713206
10206634056239891
10206644972628861
10206649187937271
10206649386328001
10206652480007861
10206661321436706
10206663446378576
10206664096097351
10206665825985681
10206670827798481
10206677001273946
10206677260515456
10206681589712066
10206686666509701
10206687254609701
10206689803910001
10206696750447761
10206697354185446
10206698738459356
10206699099462881
10206703108161581
10206713044397611
10206713901674831
10206714099350281
10206714806162806
10206715752311861
10206719903213096
10206722274917536
10206729601175321
10206732724265856
10206733629038021
10206737093454621
10206738156237901
10206742682868296
10206746355001186
10206746618930486
10206747288934386
10206749387913736
10206752008869156
10206759578121896
10206762494294971
10206763105066441
10206772255686856
10206774284900051
10206775671404686
10206777340729806
10206781503081991
10206794246761941
10206794549794941
10206795074068006
10206795399113016
10206799101076741
10206804449577201
10206808006899826
10206810762122996
10206812336255536
10206822897519196
10206826977092751
10206835856153921
10206838036206861
10206854507310726
10206860519693706
10206860797894476
10206862426904431
10206865986704496
10206874746526461
10206877696881586
10206880311793716
10206883650626926
10206888286517566
10206913836741686
10206921811026796
10206926181648241
10206937232382126
10206946975817746
10206954545803751
10206957406727251
10206959317514866
10206971105470471
10206977677543366
10206983829220141
10206987742907021
10206990694159106
10206996236918491
10206999915850301
10207009130250491
10207009559428601
10207021779721011
10207025313737001
10207030016133196
10207031967171936
10207035422822386
10207047626648216
10207050782697566
10207058485202781
10207067644318636
10207067724435361
10207068184604211
10207073276407526
10207077299121746
10207077561567516
10207084666088861
10207088176508996
10207099027212976
10207116328487156
10207117916609256
10207122617657061
10207130231028216
10207130238608251
10207134561615631
10207135086525626
10207141180074871
10207141731652746
10207145117961691
10207151459378406
10207152258517776
10207158699749661
10207166291384101
10207173057592571
10207184739970501
10207191136397181
10207192436998786
10207198483977936
10207199902866606
10207207231772871
10207241835620296
10207253053031836
10207257249617271
10207258513875246
10207268173800291
10207270353585176
10207271061445526
10207281864619321
10207283161105881
10207286444029526
10207300387498386
10207305674094266
10207312152860451
10207312991411836
10207321662228091
10207331568197711
10207337619580846
10207337691453206
10207341573568201
10207357389670556
10207362286390861
10207366991478036
10207369593987496
10207373534526781
10207377894036031
10207400453230516
10207400717129561
10207402527689281
10207408992776591
10207409866468036
10207413887525851
10207419985036656
10207427982562981
10207428153442506
10207430611594221
10207445314798431
10207445677280091
10207446152660681
10207448379716656
10207451619961161
10207455642366196
10207463681003086
10207467440536436
10207487592086531
10207489590972456
10207490701131951
10207492469574861
10207493382346691
10207496447942636
10207496520243621
10207499137775186
10207500686177551
10207519244919611
10207519843704241
10207520096737051
10207527168528096
10207528378864606
10207539728160021
10207550188902491
10207558129328271
10207564047162221
10207564472131496
10207569207651881
10207570432683651
10207574418176986
10207579778317461
10207583384933131
10207583722457661
10207598829345641
10207605382155846
10207606579545556
10207612854029861
10207614421820281
10207619162145436
10207623916141686
10207625322136006
10207638639147806
10207641884107466
10207642315488436
10207642594165831
10207644578704886
10207647032036821
10207652183892146
10207653825294856
10207656170272741
10207667922199051
10207680705990461
10207681857297266
10207683532833146
10207692115284291
10207694099331321
10207696463553726
10207711802298221
10207713030734621
10207723990488216
10207725081791466
10207726362746136
10207732590371186
10207735761097261
10207736978398501
10207745619532251
10207749854168056
10207751913185186
10207759917662951
10207761391096986
10207777067367231
10207778601602411
10207783617491186
10207789249836201
10207791214408676
10207795042542971
10207797252914301
10207809902913471
10207826705284786
10207827897636756
10207829913375201
10207845807519036
10207860457738646
10207862383502916
10207868863614481
10207869564081111
10207878162903161
10207888297264386
10207889643993171
10207901001951981
10207901634152656
10207910080013896
10207912928892756
10207921115166871
10207922083996051
10207923613077361
10207930587489196
10207934071218541
10207935058121051
10207951567693196
10207954502400251
10207955023584811
10207970085919356
10207977610947326
10207985982706786
10208004897979361
10208012023602266
10208033410054471
10208039382335246
10208044413291196
10208065617093371
10208075282778556
10208086224659091
10208123349630026
10208152243739566
10208153625580276
10208159053039111
10208160958566381
10208162947737991
10208194147596466
10208201980194686
10208213266560871
10208213813773166
10208250141670886
10208257989639286
10208259162340791
10208268667060301
10208319563175571
10208330916298491
10208337805946806
10208347464593856
10208353527771216
10208411606877176
10208446619192736
10208446649989231
10208455534091806
10208456870933366
10208478862959096
10208485586648306
10208506472711961
10208509835121971
10208513085653291
10208534354144646
10208535758054361
10208545262814271
10208547056812431
10208549526005736
10208564201326156
10208597706162591
10208617484176106
10208639829543631
10208668871231106
10208712854756746
10208719083313501
10208732784382641
10208732969595101
10208738071993286
10208761174294371
10208763166416121
10208777156538796
10208795725384981
10208800668752446
10208813957654501
10208823637005786
10208849796951406
10208886279575086
10208923615146806
10208928133510586
10208967249115511
10209001662872706
10209013972650106
10209024686083116
10209032766888256
10209038805756391
10209065904919151
10209079525132186
10209081547949651
10209102574818911
10209103927787146
10209114363075161
10209127809930316
10209137236286291
10209142221578546
10209146964815641
10209165680478576
10209181731491396
10209196942468976
10209203799909766
10209270717035321
10209285916160866
10209315412348256
10209332177602941
10209348581696601
10209348735707356
10209350963922006
10209377971158756
10209441149778516
10209475067743806
10209550055367926
10209557023578286
10209683213671466
10209754825014426
10209809494940151
10210015687886071
10210173794122901
10210274892650151
10210427836879346
10210454749545411
10210469462082101
10210556124479761
10210582342814206
10210594660606926
10210629534323251
10210734842633951
10210994583044871
114732202329777
114820265518657
114844682200872
114856045650342
114892202231097
114911565529747
115010732165202
115040048965107
115041348959697
115054875630237
115066842290952
115157118948332
115335048879297
115336502264192
115361282261537
115427978800357
115488868790977
115572285448007
115584338788442
115607982236432
115609365569662
115691395565732
115714005430387
115715042107787
115728118896552
115734348896487
115756785559872
115801475472147
115811118887032
115870985423667
115894518764422
115975532080192
116053102080602
116068065426377
116181618742597
116445148819442
116458972155122
116512142020077
116522125364787
116547442025342
116601178672662
116619178685607
116725115462792
116764352027257
116765035332972
116921538655202
116966272105407
116982881980532
116995481982682
116996065435702
117080402093987
117237755387967
117275335408267
117348745277592
117421572054562
117433795259592
117449568611137
117479708603647
117616595242062
117673991914462
117743162022537
117755412013007
117756605222947
117848438567522
117871235348637
118099348536867
118195235316482
118237488522317
118322845182242
118353555176167
118381001949797
118412995219202
118425645178892
118475165160802
118499788502087
118589441828542
118644108605002
118656158481712
118687768484172
118727631929712
118791885134772
118831841917537
118934138574567
118986261787202
119103758427202
119136655222792
119223681777437
119244748542752
119256918541582
119266785122887
119337095077987
119372778413022
119376758415617
119390761726452
119421708388967
119467655060547
119535321847642
119625251717002
119626398504532
119670595168487
119683521832012
119718298369757
119914125142042
119949801680307
120061721674557
120097705026082
120134225116727
120206335113777
120252815109132
120392241681997
120402118326492
120410795088392
120470945030307
120488268418782
120489625085547
120531461614512
120545161618872
120665974945827
120668314972187
120736361728452
120765461725392
120768921599962
120859504926272
120867281599652
120870758371052
120955541589107
121012751605257
121051814906402
121112151573367
121149115014947
121156688229367
121171948280012
121218651548292
121254578217667
121419318321057
121485624852467
121508421525597
121541364975667
121602364969717
121621248306432
121686651507652
121699944832367
121708951497297
148415385496342
148441615589362
148486568862012
148518308833292
148534162168507
148753282138667
148845225461847
148846808782472
148894445452842
148946415454307
148951162229072
148985862106332
149076402103747
149127068760642
149129872112157
149237118797552
149238022078572
149320345404142
149408845395602
149468322061627
149621762045537
149673112041767
149679925367662
149845665378447
149903275418637
149933648721882
150097485383252
150171668698832
150260581998277
150300012027597
150318665302702
150338105305487
150403885343052
150419208631997
150472528646637
150487392001007
150492018624277
150511261978482
150582845398542
150623448604632
150667521933632
150716581954547
150764478599722
150814338593747
150821105253652
150823981924772
150825898620492
150877038587417
150940298603282
151002035259202
151091081898337
151092195239692
151187025217897
151192568561672
151229085281327
151236531936057
151274018560077
151300258585997
151309558541617
151374938569857
151438225196302
151444458521602
151501371976742
151532371852057
151560415188242
151750958505012
151815058490202
151816385237687
151837068494597
151856988498567
151921858519522
151938311818707
151995191903342
152176345120432
152248971776297
152254281778242
152283708517922
152310415112682
152445891767697
152478685091352
152505545094377
152529478420417
152617831750802
152624028434387
152659368402372
152722961736167
152810825054812
152873035054472
152940751707407
152973435092302
153031851711407
153125058352242
153157575048402
153174345035842
153182881685732
153298395023942
153307171677442
153372438340412
153469841661242
153519778320862
153524008322772
153591844975292
153610448309287
153707138309842
153734578297692
153746648298962
153920901620457
153979101611002
154094894930317
154162221598822
154293441573547
154460268223257
154513158216592
154569931587772
154709881529512
154724138202527
154791504879152
154964098183092
154967104860902
155001871501437
155076488158477
155110861494462
155117048163972
155132804842072
155216994813597
155265291511387
155287678213307
155321431474567
155354264856967
155387281473037
155429531459412
155525988118837
155608111450277
155653118223047
155661558112377
155744178093237
155764234785672
155840034769752
155969978078007
156092538065727
156121728061522
156135274718892
156190248047247
156379111364577
156453078025957
156465204715267
156656848083912
156730238009737
156738428031547
156804021325287
156882151315707
157063411334927
157201697955187
157202324619712
157221714620272
157236647942117
157255521274222
157264244616137
157308267947097
157330517944652
157342257935012
157409811275667
157471901259642
157517917917067
157518261287752
157523857919287
157554544580577
157556971247927
157574874576572
157618627934237
157671304580472
157731187904972
157857374557992
157971974656642
158044021195412
158189991257512
158199617860307
158306514505917
158322404529712
158340527841747
158364094509262
158404534495837
158442171177782
158444371201687
158454024492492
158511524603117
158635591139367
158646801169682
158702981161102
158748487833012
158816151123327
158905561111097
158962947775067
159044567817062
159180991080492
159299454450092
159300314405997
159351727732917
159392891074687
159398514394472
159440704388162
159527041059162
159528777725632
159618494497307
160066047662467
160094720995292
160122357665652
160200160980467
160302514423392
160429100966507
160462524284847
160471704360612
160488590993142
160524140949937
160677470986052
160836417590477
160860377608192
160925590907777
160946960931242
160975344258942
160985314240602
161017050904402
161168024295072
161212857547882
161305217555967
161311594223802
161462354221522
161591234182217
161693050864652
161704054164667
161715057496317
161816407499302
161870297487147
161939834139277
161946250860837
162033757474482
162060257463497
162131757469587
162149750784922
162149827457112
162288490781747
162329540818977
162351770762872
162362440793432
162369504141232
162418900764332
162442507426852
162443460781617
162444834089317
10205434635761927
10205447770028282
10205457800102827
10205457882314282
10205460673130932
10205464996858212
10205465637985817
10205472411835102
10205474897825802
10205479335916517
10205506716618787
10205507213112712
10205514577406567
10205519067754242
10205520640286467
10205520744251802
10205521373007772
10205522022227032
10205523663834617
10205526182906627
10205538193726457
10205543412410337
10205548456368022
10205551470366537
10205561233686122
10205571390878692
10205575535819902
10205579991076407
10205581347631717
10205583724185712
10205584871292112
10205590844827402
10205591565885072
10205592976777707
10205600028902117
10205603777205457
10205607331375897
10205624853333402
10205641078260562
10205643113829782
10205661279744367
10205661969299187
10205666559208702
10205667387105747
10205667709988047
10205669816998337
10205672614614542
10205677784397002
10205681215309187
10205682731661162
10205698978461302
10205699346296362
10205704109829482
10205704118016842
10205709590642502
10205710644340377
10205712483398347
10205714466050282
10205715414556042
10205721016198732
10205722849063392
10205733191002197
10205741579560457
10205752036910782
10205755347268787
10205759373563822
10205764339480612
10205765001857292
10205782516313862
10205796314522487
10205804383442542
10205804952503197
10205805902201072
10205811263028042
10205816481624807
10205821228681217
10205825658098132
10205839808187647
10205844481183982
10205847481279477
10205851441911687
10205852850732807
10205863277689942
10205864933206667
10205879880388257
10205882435405832
10205884985057572
10205885406959702
10205890586277892
10205892592447172
10205896199839062
10205898369052592
10205899062528752
10205908357126607
10205915149693287
10205917404877432
10205933606534142
10205936249707387
10205940456085347
10205943426880197
10205945562412217
10205958502779512
10205962172587797
10205964793495442
10205965434126832
10205971649957607
10205996760711962
10206015036069827
10206016054535042
10206017207660097
10206019659877352
10206019943931812
10206021776920702
10206022584312552
10206034780379127
10206036881464262
10206043004304417
10206043279615397
10206065829678142
10206067160096112
10206075442624752
10206080064575297
10206082139035617
10206086409467732
10206096188277122
10206096797241132
10206112983758147
10206115722202997
10206148081121942
10206151955737422
10206156419700922
10206158634268697
10206164561817862
10206166926285862
10206170724361772
10206174025042897
10206177111884957
10206177554951212
10206185118160997
10206185593456287
10206190220104897
10206193378666627
10206196920946727
10206197077107487
10206197215202292
10206201385408457
10206214177417617
10206214474218552
10206221986524527
10206228657735012
10206230599231277
10206231018287177
10206241378013927
10206241386458827
10206243877228162
10206244520852712
10206251283503932
10206252308044187
10206259484265347
10206259711108312
10206263014835282
10206273276461697
10206277157068737
10206281605731417
10206289251129152
10206295197802787
10206298704174307
10206305889039367
10206308913585197
10206318469065322
10206319410563237
10206322506853682
10206325862808522
10206326094611077
10206327925749017
10206329257023657
10206329636385712
10206330049761267
10206330728963012
10206331013848172
10206332537328577
10206335301395297
10206336636995312
10206338245479722
10206354034161627
10206359751663587
10206368111780522
10206370901821947
10206377675020867
10206379351380932
10206381674253767
10206384114955747
10206385939439237
10206405493559447
10206413415127057
10206413980419082
10206414413654397
10206419974951282
10206421895815017
10206423742144267
10206431743255157
10206432457026562
10206438732272897
10206445008388267
10206445667571232
10206446134064562
10206446463179057
10206453094118242
10206454767792197
10206462768032647
10206464714239637
10206469182758982
10206480604121897
10206481631340297
10206488315038182
10206491323675147
10206491745385747
10206493008796087
10206497245328497
10206500968859837
10206503331734792
10206503892649607
10206505352346847
10206506637294377
10206510672948717
10206514521604212
10206525222626502
10206526376336937
10206527201450667
10206528066474602
10206532219803017
10206533167428552
10206535933468117
10206544940036737
10206545111620462
10206552908956402
10206552946575987
10206558460065227
10206559267694047
10206561829464712
10206562134080567
10206563295111087
10206565673010307
10206567517531512
10206567703805102
10206570119520372
10206574302448697
10206578351635897
10206578874171722
10206578959488452
10206583733494527
10206584785688482
10206587314227347
10206601649230627
10206608722251242
10206614653879072
10206614906787217
10206617127453982
10206620662607597
10206621875838517
10206623088687147
10206627410877672
10206627989730532
10206634138832352
10206634651176902
10206645606527607
10206648790011977
10206649466654817
10206652188729397
10206653349636487
10206654877424122
10206655876825097
10206659536822037
10206660612067212
10206665746876742
10206666719574512
10206674005586292
10206675831367052
10206677224080667
10206694220378852
10206696339560162
10206699729870787
10206703449616482
10206703814701212
10206705042015597
10206706759120717
10206707855750112
10206711523289677
10206715637791512
10206716843854147
10206717786336002
10206723493915817
10206725179710507
10206735015960397
10206736087471307
10206739000934117
10206742796668342
10206743589615737
10206754694561517
10206754934412067
10206759083605367
10206760911994657
10206762492209302
10206771483638472
10206773541954372
10206775013205107
10206776614640172
10206779925239822
10206783462797462
10206784482360717
10206787326140267
10206799346365147
10206807305083772
10206833416613402
10206840199117312
10206840732600707
10206848350587442
10206856555748642
10206857300062132
10206858459756927
10206863717016562
10206868398042202
10206880523238852
10206882669158972
10206885622650682
10206887624885227
10206891921869662
10206891965364762
10206907271790802
10206908450410662
10206927350012042
10206949959802637
10206953290659477
10206954518034712
10206955444551057
10206966887623517
10206967165486862
10206968449075942
10206980052522117
10206980716702617
10206982954870092
10206984716878377
10206998354230022
10207001533377842
10207002896763557
10207002935701842
10207005240236877
10207008046500152
10207014293936442
10207017427541352
10207023957409997
10207024873245367
10207033174332707
10207038366663797
10207041088051607
10207060540609167
10207062623427357
10207071879932962
10207074234553912
10207074590371282
10207076514661557
10207081019936917
10207081128246657
10207082963260597
10207087197690157
10207090868176057
10207094178818762
10207098357594622
10207101512161477
10207103595462287
10207104943803167
10207108431297467
10207113868355657
10207116121929557
10207120947766467
10207120959121377
10207122087760232
10207126332344322
10207143994507132
10207162754127157
10207178626560917
10207179638228587
10207179750318522
10207193128296627
10207212372458352
10207219099060777
10207219349276337
10207224811199182
10207226276803517
10207226705333762
10207239428404482
10207239628568942
10207241756421407
10207252176719212
10207262627033462
10207270487543312
10207272432879872
10207273679349982
10207274613212367
10207276530768962
10207283274553782
10207289181684572
10207301629603372
10207303933310802
10207315574636182
10207330604011217
10207338297164467
10207340694746332
10207349737395697
10207356929505397
10207365343754097
10207379944076367
10207388418773892
10207393671017092
10207402675250952
10207409018681712
10207414049660122
10207414197542027
10207434568051152
10207442051668267
10207443499198502
10207446424782222
10207452183533202
10207452869708227
10207452977176262
10207453558550497
10207455810607022
10207460697144727
10207464657910802
10207464841312762
10207471250408597
10207473357089752
10207476413532627
10207481364903052
10207485047110967
10207485117627772
10207486049253282
10207490413599902
10207495549729032
10207501279158477
10207501927050002
10207504511988382
10207504822075107
10207509504228567
10207509719610132
10207523862550267
10207525346396782
10207533800454302
10207534990282597
10207537768578292
10207539353511007
10207540259287917
10207546237592127
10207546376390177
10207546468115327
10207551310531742
10207553673380607
10207553913156817
10207560891773122
10207561868715807
10207566983005412
10207567863225097
10207573429441687
10207576014142682
10207586488053592
10207587248990352
10207588662102762
10207594486089247
10207597021544002
10207600947411727
10207601299783552
10207610032879062
10207613704290062
10207638482704207
10207639096042202
10207642020628287
10207646286213987
10207649435018092
10207658649405897
10207685155832872
10207692552012422
10207699540225672
10207702042699192
10207715896233122
10207717416554817
10207717765605152
10207728484920887
10207729440744022
10207734471985597
10207741287194557
10207741923167127
10207746594604932
10207748733944412
10207750044699862
10207751889623507
10207752034386277
10207763691154782
10207769006767187
10207769307373557
10207773607118472
10207779430504592
10207780101753342
10207783991948137
10207785943752867
10207798902399047
10207806279939462
10207811591039107
10207813991493832
10207825507581807
10207825990837207
10207829017495607
10207829620597877
10207838295909837
10207840150376777
10207841339816197
10207845523035602
10207852843184102
10207853446919312
10207853631924967
10207864813878692
10207876075754047
10207877886496672
10207878070811082
10207878221533862
10207892013326882
10207902157405792
10207904804118817
10207930447206632
10207934013338477
10207941408587247
10207942668071122
10207944118989402
10207945510383907
10207959364606507
10207962234041767
10207974319455142
10207976043264222
10207984427918287
10207992182500242
10208000606952652
10208001463386542
10208018134184492
10208025477018532
10208025957145122
10208043941919677
10208050963025672
10208065222738347
10208072029978192
10208098503454022
10208106951565047
10208107612593927
10208113833350432
10208136876969752
10208139609187377
10208174567271617
10208175147282177
10208179888313437
10208183645411672
10208205255917267
10208212599096527
10208226915890957
10208238733748632
10208268657970952
10208277709440802
10208295956741592
10208317929016687
10208320579752502
10208331669674262
10208352878762342
10208408850328642
10208409742418507
10208412581298712
10208417732585247
10208418540085872
10208427210131842
10208436067681917
10208475485098837
10208483525864422
10208504490235622
10208513862544922
10208543505970897
10208561811590952
10208574926393337
10208576703763662
10208578554920527
10208667450990227
10208695992342267
10208714915135092
10208717143028972
10208736437873122
10208773069903167
10208776016621482
10208794705721662
10208801517181792
10208848495467462
10208850488086497
10208865221972112
10208899479111922
10208903301930532
10208932981822597
10208997634560712
10209035923595257
10209079475057977
10209086350930197
10209091471313537
10209121967664347
10209162695372597
10209179187746257
10209200928368087
10209206379666597
10209210354722552
10209229166108752
10209312659204602
10209313434532097
10209356976974122
10209381608396467
10209394423403432
10209467992330297
10209522909299067
10209530925018567
10209532869992327
10209549188834567
10209686051883607
10209849575852157
10209958259344207
10210161375688122
10210168259713822
10210191909292172
10210604929818202
10210637466282242
10210664343314037
10210795863682232
10210881511931267
10210910331253612
10210962091392112
10211030906677367
100001383467998
100002759963993
100003029070103
100009121774493
100559593630413
100973757041603
100989890374673
101005843707478
101006173708513
101020993568658
101052907037018
101094980226333
101131477029253
101200087022133
101255673679973
101265560347388
101361636868353
101371500218193
101396267000283
101408813667263
101450663662463
101671890271248
101683296897008
101793536961168
101797496961228
101885946950913
102112030164633
102140223472648
102177473589473
102344036905158
102375610236178
102396126898843
102485276891738
102492476889133
102542406885063
102551716882608
102553803425563
102574483543583
102592233424903
102632133406133
102690290205898
102696610201288
102719113536178
102735070197448
102772393528803
102778120194643
102818246716493
102879846713223
102894796850108
102934446848548
102954566842438
102991790171568
103029043361703
103093960162788
103119246703153
103225890148148
103233860151743
103283620146873
103361090138438
103384463466833
103387596800318
103492400123093
103498076789643
103842239961008
103851620079813
103858853418773
103916546747248
103938529978713
103989453321573
104108106609018
104130736727748
104209540045643
104272333300543
104276590044218
104328243372898
104342236576028
104354246569003
104449043242368
104480569903068
104592573345828
104603726678538
104844376653358
104877446518623
104948043304258
105014999974168
105119169959638
105174169875083
105183176621343
105230976616163
105310926504523
105330603272908
105350823270003
105366076481433
105445586588708
105568636463148
105760939895413
105907819757868
105916459751998
105976789755203
105988909866548
106017026411108
106089469863363
106123806526473
106181363186523
106227753181923
106361063163103
106379929693343
106456109825768
106665193049233
106679739667453
106703909698663
106710732994938
106763849676358
106860579780358
106919439639643
106937406443238
107054086295203
107124492987643
107331429738473
107333072931098
107348909617173
107364366262373
107368776277368
107378003065638
107379112942558
107387793064648
107430446394248
107460376392283
107478572928673
107506686382013
107533832929643
107536856383048
107558256244578
107618092923118
107830189633668
107931586221463
107957792929138
108053582993263
108117616202918
108120689606333
108214322854088
108218379571808
108234606272498
108322602966998
108343229509993
108355369630318
108501899496158
108570409492218
108819202834023
108822356255538
108826372797298
108851116249503
108884302910683
109040176233183
109095572775498
109157582759443
109164146085303
109244766207683
109393312743273
109446559398713
109508592847963
109580699506808
109693459496228
109695482834043
109715799499003
109764529376343
109802559489878
109823916029953
109831346024588
109875166028638
109876716022858
109950276141908
109979489351063
110155569347573
110222485985663
110276025994153
110289489441338
110299459434833
110308732638343
110344356074008
110376605983938
110406249331988
110539915960308
110633376072713
110672959402968
110761025924778
110765219275543
110767679283018
110792249390743
110793222595503
110807005935358
110832572719423
110874286048443
110894679258513
110914789245978
110965229288668
111051819242108
111077465900788
111084735904443
111126309357143
111189179229028
111203479230398
111214212682483
111228762560453
111477095858858
111549509194333
111568545974948
111588632534513
111716092586763
111739949291098
111744415957128
111766769179923
111825352492653
111883605851608
111934899271403
112135259170638
112181229250673
112188229246193
112230245792388
112245455839318
112252529113333
112265005787568
112319289121698
112346545901793
112358872502548
112360742561748
112369972561363
112387209231083
112430849090778
112431675893198
112472069223073
112571469207883
112592959090388
112604189078928
112749502527073
112797395851683
112867552395438
112872225843733
112936812504058
112985759103343
113061805714733
113067409157918
113322672465123
113331299131578
113385252464153
113393989000908
113443389008933
113508722325503
113703992295733
113710235765053
113722215758718
113801752416808
113822442301743
113859892417278
113863062309048
113903802284503
113912899078228
113977725733568
114114225606818
114170728930858
114194002383113
114230585712533
114247488926993
114276878908873
114340355702163
114376738908233
114393992245593
114450402221103
114498185685998
114508678946293
114571802207243
114601502341638
114622448890108
114644225543128
114750628856898
114814925649248
114827978854633
114876805643408
114876878864978
114931795642163
114942258974773
114946082302873
114988845525418
115063005629463
115075052294118
115189902282388
115206335492758
115383382237293
115419592136688
115421525597378
115438225591923
115446465589978
115448765467273
1490206027951648
1490259531288928
1490323554601818
1490325911206023
1490352604610213
1490451994598648
1490573664587608
1490634034568573
1490643041230278
1490759407902013
1490773207907458
1490847387905428
1490921641207928
1490978114551128
1491014701215678
1491097651150708
1491112954528408
1491127481184523
1491187141199673
1491193707861993
1491194294510108
1491405314432058
1491408347779258
1491509241160523
1491532984492343
1491580914500278
1491651821146938
1491712054477603
1491720247808698
1491729854458713
1491731394471923
1491926754457093
1492083077782738
1492132544424928
1492187227747063
1492208294426778
1492294921063533
1492316464401823
1492440764394088
1492502447735328
1492584601038848
1492617901029738
1492620674378158
1492681931049768
1492742711046028
1493048707655463
1493148447674978
1493220317663813
1493233344315693
1493248330988703
1493346907631153
1493452194302148
1493531447635163
1493543180901018
1493566380967893
1493734527615793
1493821714257303
1493841864240833
1493926500938018
1493946737564538
1493971447569033
1493990160923113
1494071654245533
1494079157582393
1494195950895503
1494261450868058
1494401387504898
1494507804192888
1494535374210663
1494583337533838
1494606420833938
1494627860851478
1494683074162503
1494701590843103
1494723784153463
1494781550850068
1494818077483468
1494853260834393
1494897667500233
1494897720808008
1495006970813578
1495053917453833
1495072377470643
1495157650799173
1495216197464548
1495311204101363
1495355244096513
1495729334059478
1495827490741223
1495902104062008
1495929987389928
1495954510706678
1495963614053348
1495978057391748
1496072700691528
1496114104046718
1496194614026933
1496202164036943
1496208210673133
1496269307361383
1496290637355888
1496293977348908
1496312304015888
1496572320662288
1496705797287028
1496767570644343
1496834310633123
1496911517306308
1497046807275503
1497085653946768
1497282277262478
1497294340588258
1497491870565483
1497707553874203
1497746583857738
1497761330536458
1497790843867943
1497794500530568
1497801783873998
1497904553862763
1497912593858488
1497999530514253
1498258447133758
1498262757163683
1498281687120753
1498322263800538
1498335493828163
1498336723818023
1498370287146163
1498408303810948
1498458850473163
1498488430178163
1498502370463708
1498539473802643
1498579047099593
1498585480456943
1498737493751983
1498803773692428
1498917053761243
1498945807097558
1498976347078373
1499030813746773
1499092967048758
1499278803646873
1499415753711693
1499421060368463
1499432600368943
1499501510360018
1499537690363483
1499550333677468
1499658427024428
1499926383652093
1499971683648943
1500133193636178
1500198670277823
1500253420268053
1500305330283623
1500399230272333
1500449270279253
1500775136892728
1500794456884888
1500945783551288
1501082163529393
1501337320182738
1501506050179798
1501524273494038
1501919143465373
1502054850104778
1502084970083963
1502160110107718
1502305086742648
1502564356708633
1503019236624533
1503047163349638
1503194849694543
1503273886668743
1503350423310288
1503436993287098
1503581883281773
1503688036611893
1503766566614678
1503860009921113
1503887239917768
1504001329930608
1504053776570743
1504252049878053
1504474813146158
1504524019858018
1504764923170833
1504871049808638
1504871146504588
1504908019821448
1504918079838723
1505014909789743
1505065263086818
1505231309793128
1505272319786643
1505303713094383
1505677113078198
1505721513076243
1505759923075048
1505848296396088
1505959079726703
1505964556370688
1505971996400003
1506152183022858
1506259013017123
1506326819664418
1506333656296328
1506399706317488
1506495289678913
1506506112961433
1506697232977758
1506826616304888
1507313436227953
1507313886256133
1507423979577868
1507848302842868
1508112392548408
1508518996130263
1508626142773803
1508779896090868
1508796736077458
1508982169322293
1509176396005813
1509187532726718
1509264406031898
1509441102685888
1509447852702453
1509474542700308
1509692392654408
1509735916017278
1509800112575728
1509834669308258
1509838515999623
1510069139297808
1510169829310108
1510308585927523
1510359679280708
1510364809285793
1510855452569738
1510963699193633
1511047129221483
1511173982527723
1511260165831238
1511635882460453
1511682902457238
1511692522488868
1511693232489048
1511957609114713
1512006402445968
1512511949056068
1512535725714083
1512698299020423
1512864622348158
1513124088909968
1513288342306183
1513369685620638
1514272398883603
1514309805555633
1514311135533783
1514429545516433
1514633025423993
1514786405479063
1515087675448498
1515096242139673
1515098335475853
1515162255454213
1515486692031878
1515769922072343
1515837648718178
1515846888737508
1515920408700173
1515965395360468
1515970075365323
1516085522027913
1516343511990853
1516405212004723
1516407985348913
1516531075273358
1516697598621743
1516891795271413
1517058115255628
1517184131934628
1517256371919123
1517293855239848
1517469068565393
1517477735226673
1517511745207138
1517573831873903
1517902071833873
1517909995167318
1517944888534393
1518132698477943
1518256908503533
1519026425088443
1519617898359848
1519786974978918
1519910268310928
1520184681604988
1520262091611273
1520444861578738
1520659064911198
1520976344895033
1521293301528398
1521317874849688
1521318634839843
1521371148191888
1521432741504953
1521947894788878
1522355027793373
1522356474741778
1522794988019718
1522805948039973
1522841838006273
1522876961335888
1523240361249318
1523263261309008
1523426961287118
1523498711292903
1523520021307958
1523557707969973
1523585311277103
1523650311290898
1523721521251183
1523874974593908
1524011347896478
1524047794580698
1524228661196608
1524233167892163
1524294394529498
1524421751216578
1524683734515418
1525081934462263
1525240894447873
1525524864426868
1525678211057163
1525713564417293
1525847771062983
1525991714309333
1526532560997073
1526705677653823
1526864097603678
1527156040946423
1527447394248218
1527574967537873
1527710340876638
1527829834146708
1527908374186443
1528242610825883
1528568737472238
1528747347447443
1528862207405013
1528898537412798
1528973790746733
1529055320749558
1529211704000898
1529410700682248
1529648234031243
1529782257341333
1529794703828623
1529909703966033
1530256307264338
1531688200455358
1531802550444113
1531825857107838
1531884960455143
1531932343803393
1532041613766988
1532218183667358
1532235897091513
1532458563735458
1532571376965253
1532614113730638
1532794503716988
1533016393678448
1533581773630188
1533688896921188
1534025653565228
1534502040129983
1534609243534398
1534869613500118
1535005133479758
1535123323432588
1535779016746123
1535861286734623
1536177830028338
1536204436702678
1536240550001428
1536254096677118
1536364933327628
1536864473291688
1536922729931443
1537106746588643
1537167426573428
1537220806597118
1537427423229913
1537549176566048
1537760086510118
1538101429817313
1538469776475328
1538505376371888
1538674406461598
1539223739736348
1539245343035368
1539346399715988
1539646626334138
1540714476203673
1540741189574633
1540925426210223
1540964646124338
1541039102878248
1541907389453288
1541926359438768
1542731906035803
1543343349289033
1543479935960923
1543698815892453
1543890279261748
1543936409162173
1544009829175353
1544110225886028
1544276945821003
1544543719169603
1544743875806763
1544858125844753
1544861945832278
1544941302463173
1545368205723933
1545582102401328
1545824132399018
1546176115705773
1546284798953533
1546393152303003
1546743502307903
1546801398894463
1546997422233258
1547239122256878
1547378132248128
1548263968746078
1548312285494573
1548601318791728
1548738858762978
1548983975407808
1549079318646178
1549117258683638
1549302595389603
1549374315326708
1549992128645918
1550282015283533
1550402955275018
1550479831946958
1550482848545323
1550647851892508
1550686205232018
1550953265167423
1551146508537773
1551297235184853
1551394468505168
1551421421816833
1551595285087343
1551717951762263
1551891468418748
1551979721799293
1552577638338748
1552583821722658
1552607001431733
1552847128302123
1553093314973873
1553125081619968
1553169121613138
1553355218264723
1553519978203748
1553679571552833
1553862874834288
1554145594880593
1554154234870443
1554203328204248
1554389578192298
1554405411488278
1554429974791888
1554636254854248
1554734241512178
1554990191493303
1555136438138503
1555299694781243
1555471078048698
1555511324713263
1555804714736933
1555809781396148
1556126384660823
1556161001341873
1556240517969788
1556426761287888
1556449897952798
1556664051265568
1557178521265203
1557258281257608
1557289271204798
1557362127833823
1557975067864638
1558066944458448
1558125951151938
1558143431112433
1558312704428943
1558514497791938
1558543297739213
1558725221119078
1559291334336193
1559402407646043
1559670961009978
1559804007605643
1559922490934718
1560649540822513
1560766004185148
1560777653984668
1560931580899138
1561156637480913
1561425157483043
1561622177481678
1561742480782463
1561856807445653
1561860260743823
1562092694115508
1562261834092743
1562287673993778
1562421700645243
1562512747337543
1562728830659073
1562960747298978
1563014874019463
1563228543927248
1563357663941863
1563371630648603
1563421163880483
1563546090642338
1563724637274318
1563735017209978
1563755783887968
1563895730602908
1564143227242603
1564512373871828
1564680480472298
1564719140477098
1564749273853703
1564779000477683
1564830583798733
1565078770422843
1565425700412518
1565559407104383
1565674346990898
1565677120355093
1565681390372018
1565743537020208
1565809203735838
1566063653666733
1566339896952118
1566437003595688
1566561270261723
1566704633586388
1566734953649308
1566806376905473
1566843396942438
1566981970288968
1567035750228623
1567047440198058
1567125160207143
1567273666893943
1567346693539248
1567474473513223
1567487230244093
1567531016832343
1567577706899093
1567591830173523
1567807286819543
1567828376802638
1567915690148618
1567956576818058
1567989213466588
1568003220120763
1568112666849513
1568566236727223
1568625773398503
1569074400040553
1569169233348118
1569226636685513
1569260359994308
1569266343339903
1569387016653958
1569421616691473
1569455816647323
1569550693333123
1569740703280658
1569749226686888
1569765619939358
1569913313290173
1570058846649768
1570074206615198
1570105189938953
1570170243260088
1570211646567198
1570329296573678
1570339023284078
1570481053233838
1570770033214308
1570822513246638
1570858796486193
1571081356484058
1571087403143218
1571119263162748
1571250629771883
1571461393117803
1571548173170103
1571745336420843
1571752059769213
1571946139746918
1571962489779578
1572003363057603
1572115666377208
1572237993065503
1572372346418778
1572372793048778
1572443769732938
1572445639677468
1572505979689008
1572652676328628
1572709886360303
1572940352960633
1572979912974558
1573042979650608
1573077646353168
1573098942949758
1573099646353398
1573103979620453
1573269066266383
1573357492922788
1573364399605433
1573567072930803
1573684449553148
1573973139550618
1573977702928588
1574059036178573
1574063679511083
1574100022864113
1574222302883333
1574232899513653
1574474516211268
1574502546171868
1574600426130613
1574613962788153
1574659599482543
1574778716117718
1574915896106093
1574954666117213
1575104849478388
1575107439437528
1575110332776458
1575239352786488
1575339756089698
1575344596041518
1575413886055653
1575576246057533
1575629416043293
1575835969343088
1575934462682468
1575952306018548
1575993142633568
1576029006015658
1576071176040918
1576093669339503
1576143835982978
1576321039285373
1576379202610928
1576421205965608
1576590039284863
1576635835918593
1576724832598203
1576872052554913
1576955132584878
1577196222529223
1603237959918093
1603238023296558
1603275773228073
1603289093217398
1603341193255228
1603427789917323
1603457836593143
1603580126561288
1603637823234918
1603758383222623
1603762776537218
1603770399893248
1603799463209023
1603812183231563
1603818096565493
1603818333203078
1603843896526978
1604006426511993
1604015376539333
1604051699851103
1604110596507098
1604113299844608
1604278143173873
1604305316510458
1604387846500868
1604565826472923
1604598509787718
1604640263094083
1604645613154348
1604786266459633
1604791589801583
1604911819796808
1604927056447713
1604946893102693
1604978353094078
1604985406419488
1604991609783798
1605134806401023
1605188423104148
1605210396470623
1605301803016513
1605310736388978
1605334536413868
1605351176396633
1605428696362438
1605466033052823
1605551129688733
1605629576396543
1605649569653473
1605687893024078
630115640540748
1630168713916938
1630193850598858
1630217440570798
1630278733899158
1630350000529948
1630378080509793
1630388590510533
1630411060541653
1630482703894168
1630622307189393
1630682840551078
1630893800512123
1630939470494563
1630986630495723
1630990047124498
1630990707118088
1631128953801098
1631229873807118
1631239397155403
1631295703766833
1631297507159903
1631307547128468
1631325377115653
1631476710468038
1631495137126228
1631500927100203
1631503193754318
1631544873778598
1631548700414783
1631567347057873
1631600787104863
1631604323750613
1631630403785673
1631728403768883
1631766573703853
1631767537090908
1631832317074353
1631844733732728
1631899250374783
1631942557030728
1631948580394488
1632008143755338
1632068067028953
1632140293722548
1632143783723093
1632185917057798
1632200113659463
1632213773724523
1632236160328763
1632299930379348
1632322390354568
1632386547039548
1632415103710168
1632422800329858
1632508173665723
1632546933678183
1632547370295128
1632603960286038
1632640130316453
1632709280294603
1632722767009913
1632744606941698
1632762273626813
1632783016967473
1632820690309963
1632835613665348
1632868853634428
1632916380311893
1632928543630633
1632933050290583
1632953756990348
1632956236844443
1632992260319073
1633042603606198
1633066870284923
1633095546953253
1633116500300658
1633138320297673
1633179900292048
1633231506922148
1633240680294903
1633263983558493
1633379016932428
1633379196904503
1633406360266238
1633458596893238
1633463543588868
1633480016912823
1633482846890178
1633495740255003
1633517523532123
1633542630256003
1633552513569663
1633559066922653
1633598640231593
1633607686877453
1633631690201258
1633712510214128
1633769376840173
1633833183572448
1633844736856138
1633863806885183
1633947660151308
1633951283529053
1633958356889838
1634076723546098
1634082793508253
1634092823543313
1634102670140048
1634114426826608
1634116563527568
1634240936864113
1634284570192483
1634295140185388
1634307880137523
1634318503516448
1634324730154573
1634354946829463
1634371993452083
1634383036836353
1634445866773228
1634504250166148
1634509113449763
1634602890121663
1634623520153558
1634631360132783
1634666670149208
1634791063476613
1634794456800628
1634843786773003
1634958590110918
1635017796756058
1635028950063623
1635043540098158
1635094806774463
1635140090058393
1635143333428598
1635153563422783
1635159743428318
1635184153391398
1635233816733808
1635292826725528
1635344203412433
1635362510053738
1635374926744078
1635413006674573
1635415890053968
1635430163404208
1635435560073313
1635476413394388
1635534020064073
1635542393377068
1635571680024658
1635650730003023
1635682896716618
1635697576670078
1635781363345998
1635796413328903
1635841280032958
1635954296629493
1635997970011613
1636009559954653
1636036373320958
1636084469976858
1636213773320158
1636234183322343
1636237636631968
1636261179979443
1636333656653883
1636396576639393
1636397013309298
1636401053272678
1636401526689903
1636430273307973
1636452616618173
1636463756611623
1636476283285578
1636602639929343
1636614319904673
1636695276589618
1636753659900088
1636761023273293
1636844536570043
1636847536546488
1636858183261503
1636886069884808
1636888556598473
1636891393225248
1636983783231408
1636998309845973
1637015283233763
1637094349906988
1637112223213713
1637116246507113
1637132859890693
1637220086558218
1637267649888823
1637270256519368
1637277103152968
1637286886548323
1637294516545128
1637370996496413
1637379696482383
1637420153167078
1637429296542273
1637528929830063
1637582946466453
1637653826496468
1637829843114858
1637831826469353
1637860599763923
1637912076425408
1637927733131348
1638008193147613
1638248506452053
1638265726408783
1638341403051703
1638418749750343
1638435686475608
1638469779705973
1638537993061183
1638562213025803
1638599203044693
1638609449702273
1638761383008443
1638771993078778
1638778049692528
1638836169687608
1638836183042493
1638847393024873
1638860393092148
1638864879699083
1638888936395368
1638894956349143
1638917986370708
1638931769728978
1638940106358083
1638949882990628
1638951772988383
1639004286355843
1639104799637833
1639112449691833
1639118599659428
1639161146323233
1639170526325983
1639213563015188
1639256242996433
1639418349624943
1639466369668963
1639485799668118
1639502576303128
1639546536260998
1639614322967303
1639650649624753
1639658696280523
1639667089584898
1639700776295083
1639764446266138
1639784462905803
1639791379617168
1639840716249638
1639843596284138
1639846652956848
1639919666283513
1639985902905143
1640090796248408
1640091802868883
1640259692924458
1640311559523798
1640312989573918
1640342329517508
1640346509521348
1640360622847378
1640374809565153
1640442006225338
1640443332856738
1640465309509508
1640471469542028
1640668142890503
1640695516175308
1640805382862303
1640809892871168
1640821439508938
1640882716170568
1640898542820623
1640944376120308
1640952256135058
1641013302777168
1641017102776408
1641067302828223
1641093182837063
1641093746138463
1641113116174213
1641124139492988
1641124626164768
1641130789452273
1641135376163568
1641263139438023
1641274786128358
1641413739443453
1641440109418243
1641452429417343
1641459399457028
1641539499422448
1641544946089863
1641559699409183
1641651692779043
1641663596047443
1641750499442358
1641757289374288
1641770236044348
1641773162771363
1641783886054248
1641798462733728
1641854626101943
1641886516067858
1641910559363903
1641950619389128
1642003809411203
1642056656040528
1642057816115128
1642095682674733
1642144566030823
1642161226067623
1642231532664363
1642261449356373
1642313209351318
1642329042705883
1642369849375733
1642559335991448
1642635352634198
1642677539319483
1642721665945533
1642749319301338
1642762622667818
1642765762610173
1642768362671143
1642827902644313
1642849709307508
1642908305939103
1643099925937558
1643113889259973
1643213229254868
1643232695896193
1643246799241098
1643250535903418
1643478029262163
1643620435923583
1643660185880148
1643667735900868
1643731095840423
1643749355905073
1643764669237573
1643826475854228
1643828022552253
10207247813061068
10207266331269668
10207275376149023
10207278401831253
10207279166914273
10207281070371583
10207290871580733
10207294081904223
10207295329164138
10207302320138498
10207305732779078
10207306882940653
10207324811267833
10207330273358948
10207330946305308
10207341542114238
10207352850520473
10207361782755263
10207376301586723
10207379770389663
10207380190975478
10207387171810238
10207391256674918
10207393744259583
10207398040002973
10207400974367993
10207409639103853
10207409653621023
10207416380111848
10207418893344643
10207421302561163
10207424885164348
10207427114744898
10207429006668583
10207432151712883
10207435494354983
10207437696718183
10207441540696288
10207446270737743
10207448852799873
10207450188316603
10207451001258203
10207451219867008
10207453181997043
10207456036028393
10207457666028888
10207458853060223
10207464914127408
10207475658510123
10207484410883453
10207484958672648
10207493526989838
10207497315844488
10207503388173638
10207508001889838
10207508994179638
10207511163166873
10207513202601353
10207516710585268
10207521182526123
10207529833906963
10207549839577148
10207550936282368
10207564657346993
10207571285254588
10207579000770773
10207582253302178
10207585542425248
10207586151545003
10207592909043178
10207600089266613
10207603047689148
10207622041651933
10207628873273823
10207628895984768
10207629755048308
10207650278993483
10207654138330018
10207657130015473
10207660669934878
10207661019912583
10207664246147858
10207668186208653
10207684501502353
10207686161985113
10207694416745498
10207698655528363
10207699552278738
10207703012716273
10207705365701023
10207714175921723
10207719492452783
10207723372830208
10207726619060483
10207728633883508
10207730572968058
10207741258311063
10207744583031913
10207746719972878
10207753087286378
10207760445358773
10207764589778603
10207773912368398
10207781231394923
10207785262932883
10207790214464053
10207790427625578
10207801145410953
10207802635004398
10207802661323768
10207826959621678
10207828461848668
10207837269480473
10207843780150283
10207848351953843
10207857669259298
10207864396224143
10207867963966818
10207879771692708
10207900009846678
10207911530367583
10207921799790518
10207923612832648
10207927202157358
10207948998737843
10207958237815928
10207967563932293
10207982627033263
10208005288954493
10208020603578448
10208031412492718
10208043251622833
10208046386865363
10208053514161183
10208055620656078
10208069594287863
10208076124891848
10208088957606833
10208131765796453
10208154802046883
10208157073501003
10208163882791683
10208164156245393
10208165399359173
10208171048180908
10208177060528748
10208190826946873
10208208635596438
10208215185483233
10208218209195968
10208252187171253
10208276540011573
10208280296074313
10208281644792328
10208298125879108
10208329968951948
10208352238148003
10208356517885183
10208364347729618
10208382904283313
10208474116668888
10208476887431593
10208482318001413
10208529305203483
10208544435310423
10208562398282513
10208593857790323
10208599506251538
10208625036249983
10208635043569938
10208646052379538
10208669470957998
10208692848740073
10208706092515598
4616042296769
4801381008684
4822064166119
4837781560214
61041619217404
90000024434334
90010021354659
90030021354284
90040025430869
90050028653354
90080028200144
90090047831599
90100024988444
90100099095179
90130027164729
90150025889649
90160021346814
90190022164529
90200019331584
90210024468974
90330029237004
90340029949289
90360028777659
90400023025429
90410024155534
90420027246604
90430024164384
90480026544954
91020025287389
91030023455024
91030023921624
91040021922434
91050025607569
91070025226489
91080027320779
91080028616064
91110028217869
91150021297949
91150029191319
91190021855359
91220033449174
91280027742769
91300029253759
91340026794484
91340026976794
91360021566969
91360035401854
91390027785549
91400024527244
91400030532689
91440039405849
91450024793734
91490040185579
92020196246914
92030025428469
92030033400594